2046
2522
5892
4638
1644
5339
1693
9001
9478
5586
1079
9579
3559
3851
6284
5538
773
7659
8865
3464
5984
3720
1787
8454
4904
4286
4914
3909
6534
3798
2410
8812
8200
8058
5465
5614
8807
5847
7283
3915
2645
2051
7964
1978
9913
6100
6904
8180
4627
7826
6393
7074
8424
7154
7886
8228
5855
2828
3320
8195
8467
2990
2767
7407
3972
1699
6800
6403
7284
9865
7120
5419
6333
8950
6991
8756
9673
8269
6995
5185
6418
9009
7365
3501
1947
6256
9041
4521
3210
8338
1879
7264
3420
9420
426
1117
7824
8667
2813
7662
1735
851
7233
6393
8314
2709
1954
8771
8484
4796
9665
7137
9390
5919
603
7694
268
2577
9109
7577
7535
4374
9541
3120
3575
505
3112
7737
9379
920
8136
239
6394
7325
4516
4249
3458
4308
5435
7827
6785
7876
2430
9436
3761
9816
1487
7014
1606
4008
4308
6995
5087
8859
4311
5526
5738
7368
2468
1250
4398
7074
8722
7046
9771
6110
5969
1393
7926
2731
2406
300
4392
9733
5263
8308
948
4842
7349
9990
8954
2164
1132
5991
9786
5771
4046
3536
8649
7026
2572
6053
5124
5236
2462
168
4173
8809
3166
9471
7610
5122
780
1149
1506
6056
1020
3539
7863
440
8933
8756
7103
9528
6871
4427
7511
3369
679
6832
9564
4269
6339
9556
1322
1286
6995
1295
1104
2532
3678
4181
8435
8874
690
615
827
8001
3149
4936
9591
7032
690
6817
9286
9913
7308
7070
5199
2793
8566
1516
6629
5139
44
6218
8316
4059
5908
608
2640
2025
8462
858
1666
4452
6150
737
2539
5273
7264
2358
2926
1562
1812
7200
1049
7385
4200
4177
1889
5487
7258
323
2996
7120
7911
5402
3383
4967
8600
9901
9755
8789
4297
8788
5182
2668
8373
6828
8984
888
6456
2406
5135
7357
98
317
9635
9042
3731
9602
2232
7245
3183
4868
1629
6092
5789
2844
8000
3994
4468
6732
3556
8736
3206
6351
893
6329
9695
408
3221
3989
2670
3943
845
125
9630
1795
1192
9937
2630
1986
3761
7748
1305
2160
9979
9335
7286
8926
5359
7615
564
2996
4985
5584
2267
555
8764
3555
3925
7009
1273
3002
2188
3349
733
1930
2130
8307
4912
6723
8632
118
2164
1512
9670
1965
1368
9939
6864
2476
2606
6143
9921
2090
7707
4977
952
38
6162
9770
1045
6982
8129
7523
2830
6897
1157
4819
7423
188
1005
2505
3056
6157
4722
302
2451
7903
4139
1982
9
3476
3986
2411
6573
6592
3940
8063
9569
6692
6927
418
8863
7361
9084
6259
5419
9456
2923
7136
6758
8617
3390
840
8190
4927
7916
3348
8001
4024
6428
6961
2453
5645
9820
5534
6098
4106
6257
6524
9572
3847
9314
6217
6910
3200
4316
5926
4996
356
8573
7821
9625
6449
3181
2415
4
8063
847
9323
7712
5941
9260
74
8636
9369
1718
7574
3637
1384
4369
1854
9069
7616
7477
6176
9040
9109
6140
7346
11
2518
1548
5048
6835
312
1757
1682
1292
9648
3659
282
5340
8427
4242
6025
4202
3973
9943
762
3620
329
8837
3096
3712
7026
2729
3129
3671
2929
7899
1401
6981
659
7687
9493
5636
8494
8251
1951
8085
9525
1937
3660
2076
5779
5759
5549
7943
8661
3582
8450
9501
1310
4359
3148
1140
1370
774
8219
7130
1212
8467
4944
3506
3241
1042
2455
2052
9356
5664
6128
3568
5899
6845
3966
1678
965
7000
9994
5585
6792
9507
4756
4065
5183
4906
9359
3648
9960
7830
2621
411
1930
6658
6394
4551
7725
6717
4827
2144
2540
1889
395
6658
1197
9684
1777
1336
9397
3244
1433
5923
3532
5993
4846
6761
3237
3951
3477
7475
4445
9002
6238
5174
6281
1310
636
4385
8025
1226
7371
7214
9636
6714
8628
3150
515
8830
8197
4666
7369
1169
8978
6600
8535
6194
6650
3258
2315
9345
4978
361
2497
7300
7355
9695
5643
8389
7491
2120
2794
2840
4002
9985
9599
3833
2954
7719
2689
6485
1409
2454
2120
3685
5546
1743
9856
2679
557
516
7578
1486
9294
2645
3933
3435
5413
9820
1318
7944
5883
4378
2145
3212
8272
9604
4883
978
9658
7530
2007
7863
7468
8818
2911
799
8596
9462
9654
5975
6203
383
8548
1862
7990
7607
4620
2547
6903
6230
8815
2575
2539
2335
669
5877
1348
9281
5880
9496
5674
1035
9476
5705
8168
7927
1403
4091
3123
6309
3144
5559
9440
2157
2411
2871
530
487
3770
7739
8400
7381
1156
8562
7820
9499
5310
9245
7579
6893
2402
9422
584
4759
405
866
6634
5550
7296
7298
2369
6604
2971
9709
2254
75
6397
202
8156
5013
4034
1925
9869
1895
4224
1826
1736
3998
500
7811
4962
6488
1685
1138
940
559
1825
9590
1983
268
9526
4881
272
1308
4383
701
6082
9920
8752
8936
7470
3218
1616
2912
4372
1863
5648
9277
9168
2370
4177
7493
689
7240
4737
7262
5538
7657
9188
4749
7401
3872
3418
6064
5505
4294
2042
998
8589
2646
7058
7631
267
2707
7675
1075
7655
4918
5926
3299
917
5352
7621
7394
6074
3613
4952
3019
8719
8956
6965
9514
1839
787
4725
2999
8175
2437
9573
1903
5142
3817
5144
4441
4835
1944
3211
3269
758
8204
1211
8895
8345
8311
9810
4572
9720
488
9098
3739
4182
313
221
5859
1225
3531
5376
7361
8677
6985
5402
9940
2623
4057
3992
4599
1572
4616
1482
877
1015
2180
7020
26
4881
8232
1165
1509
4467
9540
9330
2501
6561
1926
5522
928
5539
6402
3702
1272
223
1124
1903
6736
8742
5502
3112
9892
6360
4515
1250
8014
1261
9045
5312
4213
7044
1089
7030
4250
4204
9087
6396
9021
2109
9349
4624
6027
3527
255
7183
6289
1612
162
3788
6881
2270
6540
8575
9187
4400
2401
8690
3341
5952
586
1395
615
9490
3072
3656
1359
4722
4922
1805
1736
1818
3725
7603
4984
8725
2406
9755
834
9289
3955
8699
6723
495
2587
7141
9106
3515
678
4992
4421
5468
8964
2022
2550
6513
4632
1698
1296
9276
757
5030
776
5616
9325
4027
1428
7039
8446
5101
9163
9041
7032
1749
8068
7672
8912
6869
5607
9952
9507
9604
8291
3440
6055
7802
2784
625
6804
5735
580
8234
9710
3573
4753
7953
7342
4380
9592
5638
1028
5830
1163
1835
3434
5230
7652
9128
7226
600
8689
9573
2377
7187
2556
1596
682
6778
9363
2988
3834
3892
2620
7947
3089
2091
575
1857
5091
8835
9711
5582
8301
8926
3378
1462
9988
3627
4992
5897
8537
1315
6263
5355
9973
3700
6214
4191
2833
962
6794
6536
6541
5482
3854
6531
4094
6059
837
8535
1391
1365
6182
852
9882
1474
3700
9445
8242
9433
4203
763
1525
3502
1040
7635
4793
2135
8101
6125
9160
1119
6454
4759
4117
9938
8712
8373
6318
5992
5894
9855
5846
4
6304
7813
6877
6221
5549
3876
3235
9831
2587
6318
8279
7387
8333
7241
2388
9748
2679
1273
2650
8625
5054
8366
6338
206
5524
9682
7374
469
7330
3084
5304
1372
4081
537
6925
670
1854
4564
9331
1377
8917
667
6504
9617
5868
4117
3422
7410
6156
644
996
6248
1117
9730
5020
448
5755
4495
4974
9752
7560
6137
525
4646
2237
3509
4581
4204
1531
3351
2370
3425
2666
255
8083
9226
1661
4922
7073
7404
172
9495
3696
8962
3126
1
362
9750
7794
8941
7203
7278
5373
5119
9893
3176
3399
9057
4933
6484
5270
3916
436
2675
3134
7425
3529
7465
2832
587
3313
8093
2441
7996
9234
8233
6894
2542
7052
4519
8928
9190
7245
5956
1430
8080
7209
2060
56
5981
1052
7006
8398
1622
7052
9393
305
7244
7561
1816
9024
8696
1728
6171
4000
2674
2889
8964
57
9791
2363
1221
815
7167
7084
1963
3078
8600
9118
2703
3961
4287
5446
3912
8085
9797
7143
2798
9703
5025
3145
8397
2790
6762
3578
9543
5293
9033
2145
1519
9846
3862
6085
6987
5292
4218
3789
3194
3769
2383
6659
8517
9047
1607
5075
5548
7823
2766
9943
8866
441
1850
7375
1957
9636
9897
7648
6545
3454
9835
6529
8213
4267
3588
1447
9562
6801
1866
5206
4022
1648
5421
6857
3386
9229
8604
3725
2768
4069
2390
1770
1664
7209
9114
7283
6537
6940
7239
1887
839
9708
8145
1968
3065
6845
8683
2000
4549
3057
6545
9418
6563
9342
5312
167
6028
6081
2709
513
1142
144
9301
706
7763
1604
1892
5664
4127
3653
4880
4796
3905
2055
645
4023
1872
5923
349
2720
8769
8122
4954
2997
8271
6340
7139
7811
3121
6870
5354
7991
7264
6131
3665
1419
3659
1342
1932
220
1191
343
2625
9573
9590
8225
6215
1161
1677
7673
9216
9211
7496
6736
9824
1332
6953
2420
148
4582
4026
2610
3342
638
7381
9308
5999
8060
810
859
2515
5038
1229
3872
4978
4286
7209
2953
9154
8314
3937
1749
3709
6754
3505
2866
9302
4636
1505
5355
2600
7358
2134
556
1526
3995
1058
9400
7465
1213
3347
2278
4383
7503
2279
9130
8797
3370
931
2969
7929
7081
5628
7180
9221
5176
5140
8205
8427
2731
2767
1316
3655
669
313
4256
2175
1239
7883
6509
5353
5867
9033
8663
6901
7735
4281
5502
7139
4424
7955
3125
3979
6443
1750
1649
4223
8174
4139
1510
3034
3323
4748
7536
3597
9839
9689
2847
4759
6393
5384
1469
5798
6680
9677
5311
6767
758
7230
42
4539
7880
9678
1513
6498
1757
7028
894
3769
623
729
5999
588
4204
5213
8239
3308
3081
3087
1150
202
8150
3829
9751
209
9274
4097
5321
1445
3791
8667
9337
9713
8070
2359
9296
8592
4243
4178
8614
9760
8439
7038
8984
3953
3980
2242
8211
8596
5728
542
3774
6917
4889
7347
8041
5596
9356
7509
5804
2836
5330
8529
6948
5072
5832
9339
2167
6617
1289
6511
8137
991
5675
52
2323
4296
3900
5358
7610
6179
9
3991
3553
2025
521
1131
155
3538
5451
7962
933
4044
3379
4461
2636
6259
5711
3169
2585
5811
2943
9411
98
2941
7940
410
4423
3258
6143
3613
6052
4517
5325
7669
2700
1401
3723
6103
3612
3972
5936
4197
7283
616
491
7241
1517
5051
2315
210
7174
5317
281
3382
2396
915
5498
9885
7645
6034
9000
7417
7628
2909
705
3756
9996
6702
7672
2997
5482
7081
9534
5469
528
1079
6821
4988
6689
5393
9455
4256
3878
6656
7140
7067
4356
5813
8702
8788
4002
8729
342
4055
7033
4366
1621
3500
9479
9682
3698
846
5636
3258
6026
6091
6231
3895
3563
4618
5816
5169
5146
273
2154
8056
1459
739
616
718
5778
9429
2475
9894
6724
4576
6276
7849
975
3445
3623
5936
7410
7585
8166
1163
114
6038
8561
5469
5078
5677
8349
2708
2123
1561
5247
8836
1725
236
2331
9551
9826
6994
8954
3304
51
3525
8730
6187
3023
6814
6099
4874
2712
3070
1961
2547
7850
5961
6682
8583
3239
3624
7014
5982
7284
4321
869
2008
2619
6456
7239
1862
9065
354
1487
3330
2026
624
6597
1877
879
4246
5057
9137
4757
8725
3260
5830
2349
1300
5151
2197
8982
7962
7897
3910
3324
326
9046
1406
5328
3374
3604
9560
3268
3055
7901
1438
2870
7331
5074
2773
7128
6183
6830
1970
4498
7978
9311
794
3186
3146
2508
2424
1934
1913
1605
912
8362
9155
872
8258
2961
2411
5094
9292
4992
6642
4571
1898
796
6795
5692
7416
5033
7808
7869
788
9451
548
3014
4535
8756
4646
8948
4706
3617
3371
5564
9288
5230
3848
6168
5993
2163
2744
2735
7169
7800
5656
1972
5286
76
2504
1408
4214
8535
3386
3252
558
7759
1128
5050
4058
8880
6513
5425
2550
5699
2211
4955
516
5664
4537
1816
8239
4411
2095
8589
9955
6825
8106
1252
1878
1559
1072
5453
9507
2534
6344
3916
3049
5290
3825
8609
5157
8783
6096
7334
8964
5286
4252
5473
2020
7733
8264
854
3275
3587
298
2287
4635
2132
739
4110
944
8294
2029
2303
5237
365
168
6248
5376
828
6921
5921
9834
2993
7306
5960
2064
2272
8442
7865
8255
377
8658
1643
3992
6462
2707
9485
2396
2641
4356
7907
3727
7267
326
296
9399
9636
1371
3228
431
6190
315
1737
6776
4855
2207
2476
8966
8
1983
9787
5828
9041
3068
6171
3555
9383
1599
6968
3308
5024
8667
5016
4292
5002
5710
7387
6322
9449
3819
4830
124
2655
8182
2297
6521
1864
394
2720
6133
770
6856
6877
5417
9511
6166
1715
8063
5185
4187
2468
5732
306
6724
7095
6294
5690
8258
2594
2628
967
4601
2349
3094
3084
2235
8206
8289
4390
5710
1676
622
8870
2813
8632
9379
6099
7674
4559
550
5706
9408
9203
4611
3318
2032
4716
5904
653
3783
7143
3518
789
5378
9498
3488
7703
4555
8525
33
9358
6883
6644
2458
2488
6618
1457
9527
3809
3989
959
8487
4018
6682
311
6463
8370
802
6707
4418
1808
9380
5598
675
342
9018
2552
2708
8952
5209
5733
3858
7467
8516
7246
7670
9957
4540
3681
7918
6458
8530
7687
5408
4159
9759
8001
7091
2642
7315
4612
5453
6795
6016
486
4339
5354
9255
9537
6263
990
2822
1039
6494
300
189
6138
8474
2794
2605
4054
4905
883
152
5951
132
4115
6778
33
4101
8537
5867
1472
3836
9973
4199
5690
597
9893
75
6719
6552
3576
5511
5173
5076
8450
78
9480
2200
2058
3431
4258
9085
9457
8167
8028
9088
5003
4897
8996
5128
1364
2410
7548
4239
2198
8190
9453
4689
8094
8229
9384
6983
4106
4981
9582
2720
1240
9094
1002
8235
7985
2082
1426
9238
8585
418
231
8240
7787
4119
429
6783
3765
1577
2305
6648
7299
9255
7067
5918
1007
6522
7093
9748
5914
1110
9921
8582
7818
622
7048
8189
2994
2299
8811
6840
6337
5806
4173
4962
6303
8955
27
7257
8056
7380
690
5680
7188
5376
4790
7006
5529
5122
5998
1923
1289
1451
9875
8226
7597
9028
576
8754
323
9583
3533
9776
6526
5469
9838
6934
556
1485
2666
3213
5422
667
3979
1502
4326
1352
7993
7564
8754
6549
3733
3564
5491
8655
2408
9731
3590
4114
8374
9283
4207
4425
7412
6720
2700
3677
5564
2191
1966
3862
8532
262
3930
4697
7566
2588
1451
4078
7059
9835
6337
3523
1929
6702
7648
7510
8472
7631
7871
1295
7689
3617
3907
8240
7441
724
615
9668
4072
4532
8634
6693
6880
5544
3032
7770
4268
3448
6835
7939
381
7318
8318
7083
6064
8036
4888
9476
4149
8592
1975
6578
9688
6883
9075
7125
5859
3694
9379
2168
9928
8705
4748
1568
8868
9557
1644
5642
4865
1705
8808
649
3432
5069
2514
8982
5123
3833
577
79
3933
9652
3077
9867
3533
5381
8725
1323
5044
6629
3624
9855
3637
5891
2520
784
3285
4799
2675
6397
7700
7849
9038
209
7361
6225
5368
2153
4058
3068
2813
5398
743
1165
4793
1163
9274
5682
3558
2789
9497
9429
8432
7281
2761
6683
5556
7915
8960
2590
2841
3159
9904
493
2271
5862
1397
9230
113
8478
9510
9395
5279
2036
5545
1332
2019
2343
1512
5362
8998
9095
2409
5878
501
3258
6932
3238
6852
7199
5134
111
3215
5548
9240
2930
2697
616
8381
4894
973
9949
2441
2696
4144
9465
7914
4957
4465
5605
4673
462
155
7159
145
9794
2010
7202
6524
5912
2346
2125
6173
3510
799
6062
7143
3627
7070
5871
5249
4229
1529
6320
8435
9187
879
662
2945
1359
5594
9684
7836
2568
2763
9182
8620
7847
4556
4033
6668
4550
751
1756
395
5752
1393
2266
9844
8579
391
2293
3248
9242
8784
3885
1434
9798
8601
7988
3146
6280
8522
6919
2081
1503
3829
108
9679
2363
8801
5577
4776
4942
4445
3305
2722
342
6078
3881
8043
6085
5865
937
8306
5305
7354
6
7282
7651
8938
3548
8400
7317
8319
5984
2722
2459
2264
9155
3577
2396
2684
5455
7906
1690
9214
7343
2148
2272
225
9355
3708
9748
7858
5739
3974
3483
3954
3391
4166
8665
5565
7136
1013
5896
5015
5471
185
6787
9080
7617
990
2554
9376
4290
3747
6749
3867
1490
9105
7203
870
7909
2429
5869
4735
9220
5791
3608
4484
9699
2840
1630
7507
6648
9327
8213
1330
674
9925
797
2547
9812
9258
4396
8140
8222
4092
7288
1446
9831
5237
711
2998
3153
5787
2859
8339
190
1586
5835
9848
3993
5783
7219
7590
4675
3849
4579
355
2465
9935
2472
8274
212
2189
1864
5217
479
6935
8086
8924
8888
1672
9899
5075
2723
8713
8249
4803
2479
9904
1024
2136
8328
9845
3877
1303
2159
1230
4336
1543
7495
1544
12
4738
7198
6194
6996
8115
9923
3421
4153
5226
2192
4666
1016
6772
9100
7053
3031
8500
3618
7323
8636
4542
9549
6799
7439
6053
9476
8879
743
754
582
4696
1379
7304
5429
9374
1018
4434
4130
996
8572
8081
601
3822
2191
3747
1014
6136
7629
2650
2986
3905
2894
934
7515
9917
706
1447
1843
9650
7949
8419
4016
1407
2735
5704
2257
1704
2089
5717
8
7881
9314
7624
5897
4351
1438
3525
8622
10000
7000
3116
8947
8242
9309
683
7742
2393
8194
698
4260
8259
4304
1291
2774
1880
8359
574
1416
8104
1082
361
5727
6708
1841
5700
5354
3624
3741
2957
6465
951
8042
716
9126
2030
5066
1099
133
3400
3872
8264
2006
9828
8498
6498
9357
408
8014
2458
4837
1722
8494
3325
3413
212
822
8194
3630
7152
3383
6648
8538
3089
2455
5312
1952
9438
7256
6321
7513
4572
7565
7613
4479
4278
1093
5813
2915
721
6011
5341
1805
370
1759
5374
8234
4902
484
772
9928
830
8967
8450
9889
5518
5880
4293
7206
7431
7840
8512
7254
3061
1023
2588
28
7774
117
4059
8377
2108
1868
2877
2658
7952
7596
1021
1669
7417
355
8492
8896
497
8571
673
2492
7152
2608
3181
7959
2703
4384
6475
5867
7255
4523
9571
9366
2961
5846
5004
9005
6341
7118
2387
3183
6525
8345
8978
2475
9869
2056
3653
3837
1929
9255
2927
9678
5941
3698
8427
5284
9657
1453
4892
1578
5195
9938
7484
7543
1737
7803
8706
190
230
3468
9661
580
6788
8380
2501
6519
299
7762
2247
1992
429
8688
4384
5092
4750
9469
8167
9162
1633
6526
9161
9113
3715
4977
6397
2285
9064
8756
2661
7656
657
7164
1681
9039
482
4871
4800
2002
5493
361
5339
5982
8635
1645
2786
5396
7396
9198
7345
2115
7846
7305
3668
4704
7166
8396
9352
1133
8585
8953
5440
8332
9312
1227
6056
8788
2014
7255
8685
1612
3775
2212
6095
1982
6354
3354
1437
4649
2350
8049
6201
2295
5872
6597
8637
8701
2444
1813
8364
2709
6986
8824
972
3414
852
628
7498
7377
9334
8104
4707
2612
8776
8584
1743
1990
9823
4733
2153
2255
1961
7674
1712
3161
3914
7000
6014
4198
5029
646
4611
7313
4653
7891
5295
3757
6899
3416
8345
9669
2350
5874
1808
9344
4521
5216
6080
3921
6794
8548
1990
9958
579
2109
5882
4509
1758
8341
1966
2297
3710
6154
6777
7
4257
2909
4142
773
9910
4022
1169
2802
6552
5501
8415
3
5607
9104
2775
7192
9157
2646
408
3969
2732
725
3873
116
2681
9944
4441
537
1061
6817
718
2646
1657
6368
7824
5624
5605
1761
3511
3304
8981
3760
5626
621
982
8088
6572
6793
9136
7967
5720
6135
2598
6060
8364
3468
8386
8344
1778
5668
8308
2676
947
802
9492
6720
1277
8791
5600
7501
8167
4457
2999
7285
779
5949
5670
9923
8843
7709
5585
902
968
1344
6424
672
9647
7170
2787
5590
8169
7043
3702
1389
802
3094
2138
8153
5519
7331
8984
8803
8673
5182
5242
5404
6643
9921
6365
4085
8531
1836
2555
4009
3903
5376
7208
8659
3527
7592
9064
7968
3683
3398
1042
7410
4885
7518
9323
628
6935
7075
7783
9073
619
7163
9347
7463
8350
7733
2675
8289
2320
6126
8816
4567
5244
3789
3478
1068
6527
8525
6461
1677
4061
5102
9810
8258
9524
5282
6983
5453
2252
335
125
4000
2492
9582
3982
4381
6493
9180
3428
6287
927
6455
6711
2515
6873
8801
4165
89
1141
242
338
5185
110
9002
3408
6292
7469
5859
9483
9118
9657
5785
3097
9671
5531
2575
1891
9479
479
1234
6342
1345
2330
9237
4289
7114
2949
7361
8051
4088
3097
8622
6510
7143
1298
6045
4972
773
4304
8033
2039
2634
1547
8309
6540
1643
3005
7703
1252
4620
5968
9393
1344
4953
5811
5115
7719
2683
4036
4888
1475
3739
2852
6137
340
9075
4935
7801
7978
7831
6242
6947
7579
200
8072
1253
1912
3271
8706
4897
1826
4696
5912
2047
3818
133
2457
6379
1513
5533
5251
970
2210
364
7880
3838
6040
5212
6676
8771
2188
6478
9515
5610
7155
7327
4757
3883
2769
9059
8558
3834
1299
6603
9099
1773
9791
5858
4228
8318
8517
242
5184
2652
8847
6348
8187
5492
8821
9763
3341
7470
717
7770
6309
8780
6428
8613
8265
9695
3972
8775
1766
1249
4231
4423
1785
2916
3022
1336
6861
5562
5409
2208
7526
6555
6232
4298
1200
4858
4446
8910
6173
2496
6512
1105
671
7765
5959
2686
9135
9291
2988
8609
7064
2153
1762
8143
4956
9109
1973
6296
5150
9450
3599
9484
8104
8076
75
7303
8979
8149
4692
3338
5561
7557
3990
3730
1092
1041
3107
5541
6542
1881
3482
3813
5639
9309
7343
6020
714
3105
2678
8389
5418
5172
6883
3363
507
9444
4855
888
1424
1532
2387
5835
1515
2823
8206
2748
2004
2374
5018
6067
5876
1701
3699
6891
5108
7272
4901
858
7328
639
2443
6874
3419
9129
3656
6342
137
5744
6238
6069
3859
2500
1024
4345
1603
2412
4870
8198
95
3885
174
9452
9707
2864
658
5436
4557
5330
7170
7838
303
3029
2112
6489
9255
4111
9458
5135
9511
6454
5457
5970
8065
8851
1544
8354
48
722
1457
2337
7390
6596
8377
7602
5323
8551
5748
5995
1011
453
7900
8371
7244
7661
4497
5426
5552
8432
5423
9055
2694
925
2653
8660
217
6409
4329
8106
9488
7061
2266
3959
2643
1942
5780
3929
1700
5114
5003
8408
8291
8523
6308
5251
639
3247
1577
1996
6063
7970
1147
8085
4795
7782
3796
8055
3111
7897
1146
6509
4438
6346
5958
1343
7607
1918
7706
7259
2448
9782
1999
4125
6471
2200
9652
3534
6348
7246
1920
5227
9102
2281
4856
8189
8793
6097
5742
9772
4830
8886
4242
2821
2599
3379
8320
5140
2814
82
5247
928
4886
1910
6752
8218
8738
3791
1905
5950
2377
5541
9357
941
8254
4786
5751
8832
7818
5372
6057
9693
4771
2565
3824
8911
5972
1888
4356
5300
5635
7056
9213
9035
2919
1559
2162
1267
5289
5453
1203
8186
6544
9761
1867
23
4283
1320
3870
3456
1651
8424
6233
4041
1229
2957
1289
3120
9260
7414
1197
946
7132
6971
1877
928
2323
6748
5162
1380
8698
1611
167
3200
8233
1438
7624
3984
5081
380
6600
43
6602
6964
9845
602
9385
3120
1645
4394
807
9111
384
5594
9205
5741
4843
6444
8531
214
7545
6562
7983
5426
6803
7198
1830
3880
3089
5966
8432
1645
7619
5000
6769
3305
6517
8811
5333
1344
8521
8543
2603
1769
2368
9247
9180
5068
7169
9227
9129
4368
5360
1351
3196
9557
8272
8033
1954
3500
3021
9667
3682
8880
579
4006
1458
8349
6109
228
5970
277
8566
7643
5098
566
5287
6780
8114
2541
6317
909
8555
6992
7032
903
7283
714
8448
7245
3075
4720
5030
6264
6278
8815
9209
6648
4695
3521
2434
1405
5815
5652
1269
2575
8609
2850
1866
3319
4727
2523
7870
1713
9719
8884
3232
1799
7852
1959
7323
5818
998
1580
3005
7825
8957
6490
3487
3067
5976
2085
868
3300
4414
7515
4728
3845
1803
358
3789
7489
2875
1838
5669
2730
2552
6052
4729
4696
7792
7159
2857
2867
1544
8022
9193
7693
1029
6625
9229
6882
1487
2252
1459
604
272
3984
6747
3099
3280
8987
5840
2206
2497
573
2855
7311
9127
8498
2772
9995
2248
3209
9590
743
1102
3244
3495
9913
8715
8156
4386
896
9793
7161
5508
8450
985
1635
6156
2019
8480
2966
6490
3142
5444
7779
6059
9939
7353
389
4559
2466
2652
4171
4148
1813
7039
1228
5367
9585
8331
8202
2200
905
5709
3707
1576
2028
4092
491
7794
9993
4819
7117
5384
9969
8452
5584
7724
6314
6140
6010
1388
8782
2266
8983
4790
281
9151
3220
1560
695
6363
2616
7015
7095
6911
6130
7450
9425
7695
3872
9486
2424
1389
9758
7571
4413
8752
167
1402
509
812
5005
2530
5210
2353
8175
8197
8147
1000
2530
5772
2995
5973
6683
7508
3767
769
3537
945
755
3585
29
8328
6010
3240
5924
4699
8675
4989
2938
57
4901
1261
3080
7383
4792
9535
6799
5545
8827
7359
736
6886
1929
283
8579
5005
8223
8288
9968
254
9523
6442
169
2767
3494
8953
1936
3151
8626
1592
6371
1518
9069
6446
5576
2407
2298
6618
3575
3330
1404
3761
8969
7025
8161
7097
4651
9711
8244
4322
6609
7870
6876
2395
9099
7651
8858
64
732
9511
1091
890
7168
6916
3390
2980
452
8635
9504
9764
356
3825
2155
7028
8992
2670
3365
4777
8520
940
7158
5629
2137
9099
6355
9727
6575
3594
1471
3926
8778
7714
7183
9453
3364
328
2721
7990
547
5542
5057
9664
2814
1893
5807
9658
9101
6501
3374
7075
4472
1062
5061
195
9990
661
1792
5752
7194
3434
273
8287
2873
3290
1917
8151
636
5887
4513
5237
3405
6054
2670
8818
7492
5718
9961
8628
50
8698
6385
9041
1490
1609
2003
9536
6021
5756
3838
7668
7436
2963
767
2311
9950
8552
2914
264
3180
90
6133
1997
175
2374
7270
4762
3040
2950
5119
489
554
1864
2572
4043
3237
867
8732
7131
5624
7170
6713
1603
7290
7221
8780
9023
7008
4932
8592
1645
2906
1657
6127
740
6226
1907
2453
5418
5241
4309
9559
367
116
3691
5493
2162
4065
1284
4358
3268
1880
9358
3334
283
1271
7933
3025
5140
2753
7423
7980
572
4867
6963
7418
8765
8001
6496
5753
3321
2067
3803
2231
6043
8061
4268
4339
9135
4399
924
1505
52
4068
3731
1215
6890
6963
8926
5179
4752
2739
2293
8734
5386
9830
5268
5832
6805
8070
5605
2037
5832
3563
5964
1114
4849
1704
1859
819
7622
5889
9295
6072
5241
7813
4414
8045
5393
7077
1731
4339
9083
6654
6728
6700
8705
4211
9200
5542
7053
6331
6962
663
5025
2841
6106
8560
2711
1220
3245
4607
2100
8132
1253
1066
3917
5513
545
7039
1104
927
6948
7927
7879
6269
2692
2827
1679
7707
9182
6429
4749
1472
1003
7567
6167
297
7203
8704
7362
7187
7876
6088
6688
8565
5682
7489
735
4016
8295
8085
9413
6066
1556
8515
6272
9067
8382
4492
873
386
1745
8938
8265
6792
1795
7784
1858
1563
3454
954
9495
2761
5154
4650
4652
7511
4601
6448
4407
4221
4397
1540
6542
3406
6598
5509
5613
7884
8906
3583
7074
4943
1519
4294
3148
9076
1683
6039
394
5349
9674
3084
5959
4811
7393
5093
2949
3165
8162
5008
6579
1489
48
2033
7481
8497
6164
375
2667
5699
7277
764
1766
4269
4763
1547
1130
6170
6830
3863
234
2220
4747
6978
1145
4972
2208
789
9421
2529
1126
3431
1694
9489
3376
655
1135
7016
9438
2666
3778
3608
9117
9515
789
9895
5855
5048
8419
2490
7204
3327
6356
1375
1551
614
1667
9829
9707
7580
4355
8234
8034
350
7772
5744
913
7180
2557
1319
7908
9838
4986
4761
9612
1504
8227
3163
8385
3725
7959
9748
1839
6121
5293
4097
2446
9917
3008
6617
3595
6910
6642
9533
8082
4880
2434
2142
875
2753
7412
8968
2429
6846
1075
7650
9547
1433
380
6252
380
5841
8757
7254
3552
4589
1144
526
2607
473
3420
7311
3252
955
9704
2001
6365
7106
183
2344
1565
7175
7749
7935
6735
9296
5989
121
107
4705
2124
4173
2062
5718
8433
3453
6172
7936
565
5077
9558
6575
6837
8878
8415
8574
9538
6337
3011
1165
6332
5738
8128
4039
6640
551
212
96
5440
7244
5971
3216
6704
5993
3562
8366
9013
2266
9702
3369
1138
5828
8486
2146
8827
2027
8090
6539
9951
1994
158
590
4975
792
2956
4970
2473
5126
2934
9483
2789
6188
8835
326
1222
8928
1710
3748
9341
8388
5455
7625
9446
1861
8339
9457
9303
1238
1578
1863
5091
3004
309
1889
231
2696
6475
5594
162
8353
8087
1979
3057
2159
5097
5646
5388
1142
5285
9714
8585
2303
3718
4819
4359
3601
3356
8962
7152
5661
9746
1671
6199
9664
6562
2979
4444
9946
2291
5307
7942
6497
6994
1530
6601
7652
1046
1506
6836
8545
8348
6679
7309
4723
465
2435
8415
6111
6429
4980
2615
6335
9422
6895
9591
105
5700
4501
957
3593
3160
9547
8364
9648
3677
7621
7545
363
3306
1262
6515
5027
1886
9101
7597
450
5364
858
8405
6978
9081
6736
710
8761
999
9545
8304
3529
9391
4030
5095
6567
8583
2416
4603
7226
2746
5747
719
1798
4567
4338
7126
5905
4460
158
1235
7722
363
1518
9910
252
9573
6889
1533
2876
5102
4319
8189
1697
1745
6872
8716
2445
8180
4346
4825
9177
6746
9354
7539
677
728
3823
211
6688
5593
5016
5116
784
3104
9768
9884
7392
9098
7514
6993
5229
5297
1099
8040
3451
3698
620
6128
7214
3159
72
4359
2059
1970
1278
5123
7514
9304
6016
6190
7820
7391
3579
6764
2997
4386
2323
2655
4122
7663
8359
8816
1298
6250
1776
8665
7483
1802
6612
5009
5782
5281
8312
9142
9185
161
5536
9528
6501
3614
1379
4963
1018
4278
6442
3911
9633
5793
7239
159
5872
9281
4745
3710
1998
9061
5685
5821
2022
1376
5112
3268
3583
2933
4368
7644
1220
2023
6134
5573
6358
2181
2296
9312
1246
234
1076
4733
6954
8883
9981
5293
657
8560
1784
133
84
8276
2197
6063
435
867
4621
105
2619
3689
2980
8871
6307
553
9365
7142
8426
5553
8270
2748
9361
9641
2499
9817
3389
9646
1466
5655
7089
1461
5875
339
4741
5324
8070
4458
8806
5582
563
5468
5603
2423
5951
6696
4272
9342
6389
7243
9730
9109
398
2243
6694
4146
6816
5311
2382
1171
5988
620
5872
44
8087
6926
3143
2604
7374
8849
6687
1070
5502
4001
2948
4098
6915
7974
136
4880
644
7124
9283
3928
9119
1997
2957
5135
3855
1187
844
164
530
8855
6513
2010
2801
1183
4750
459
3354
3334
7220
1269
7091
8456
2048
5550
9430
4905
1448
5773
2811
4700
1524
854
5520
9121
5424
7501
5346
5166
3258
8865
9583
3513
3335
7318
8198
1340
4958
5680
4869
7310
5907
8214
9080
8115
3249
607
9344
4608
7529
3747
9639
1389
3516
320
9319
562
9994
2726
6019
3761
4742
9337
4535
717
3507
2215
5400
7601
1581
9075
7089
4912
1376
2334
5300
456
117
2084
9558
2805
7972
4089
6370
5967
7807
8962
563
5720
9396
183
6186
1378
4434
993
8553
4864
7576
2277
7203
7418
7465
5664
3171
9599
3802
6377
1123
9611
7336
1476
2851
4305
2067
5019
554
7159
8540
3683
4874
9468
9001
9563
4465
8700
9839
950
5573
3890
8953
6806
1302
4964
9066
7887
8705
4077
8572
1400
4529
1252
744
7415
5563
4965
9060
9910
8299
3700
7003
8655
765
608
957
5356
9431
5541
8983
6068
2273
7333
3762
7459
7590
8626
5298
293
2243
616
1334
7043
1505
7379
5198
8895
2850
7709
9206
42
1398
8931
3338
2700
8899
3081
3109
466
6128
6137
1239
4181
5170
1568
8783
6851
4576
6447
2095
4162
8203
3263
5394
4520
1194
583
692
6417
2309
7152
9028
8988
3008
3309
3621
8711
6337
8567
2481
8607
6717
2937
1942
8763
5398
9432
2432
6451
2621
6404
1626
2805
6652
9120
5253
610
4854
1195
3011
4273
6495
9341
4074
6035
7142
7342
7559
6451
2832
1965
9211
9349
9372
1561
6281
9101
6629
4633
7021
5203
8254
4877
8978
5160
1384
7396
6614
6262
1576
9987
4937
3708
1502
8449
3657
5446
414
377
9512
3122
1932
4426
7665
9659
6749
6573
5932
3500
5695
6912
1442
84
9004
8971
8746
412
8055
3204
9838
2267
5018
3892
9192
7058
2420
5137
1914
1641
2571
5778
257
7993
5162
8823
5319
5996
3362
3058
4464
6393
1863
3943
8438
9680
7030
8711
2635
2081
8128
522
7634
8008
7050
9957
9977
3676
5889
452
5723
3972
2900
3493
8135
5219
4902
9914
91
9906
3098
9526
500
7285
9994
185
2567
4623
5379
6452
1720
8715
7519
6992
9134
6859
2157
3770
2511
9557
9830
1310
9387
2351
1008
8094
2032
2249
8789
4739
9180
1705
8433
9236
4911
3066
3827
9183
2025
8202
8462
5380
566
6117
4245
9228
8180
3382
1875
9112
3027
1715
613
5134
4544
107
3778
9131
2477
4863
7147
8785
8931
623
7728
3907
3005
5705
9278
8412
5316
3124
1977
8026
6029
3771
1669
1049
5843
5780
6038
2406
2863
7791
4465
1005
8579
3441
2991
8596
708
5885
381
581
5664
9384
3588
1223
4742
9636
3480
8678
6545
8167
7105
2747
8426
5736
616
4068
4074
708
4187
9796
2856
2001
3080
3154
8024
3696
3333
7230
6331
5177
6574
7793
8801
2576
9616
2089
3132
6703
6511
2317
6486
1884
5079
3477
9261
4070
6249
1715
2960
2297
9953
3216
5481
3761
2184
4035
7617
8180
1565
2619
6043
4302
7143
2158
4080
4091
8082
2069
369
3593
1482
7760
7794
6634
1903
962
5326
8355
4220
8235
60
5884
7713
222
9985
6278
9796
3373
201
7832
2163
2967
5412
3077
1489
7022
1274
8236
2345
5807
1224
6895
4864
1563
3775
3302
483
8449
7364
2371
9751
4316
9862
3224
9085
1338
9759
2326
5027
8847
8546
647
5724
1935
1083
7814
6515
7049
7338
1393
2830
5667
1255
8845
7446
9014
6766
3215
9944
189
3045
6604
1600
8332
8163
5711
9156
1652
233
2712
6088
8012
7304
7643
7851
1853
407
4422
2519
3602
744
6795
771
4032
8412
6689
8037
1367
8450
6772
2969
9054
4739
4535
4569
5892
7073
6014
1433
298
1087
6736
601
271
5786
5501
2724
544
9795
7115
372
5860
1309
1175
302
9456
3706
4159
4682
8673
127
3163
1471
9868
6001
6226
6436
5627
4579
4949
9130
9184
8015
6423
1960
3890
3430
5924
1275
6118
4108
6275
6275
8597
5213
47
7197
9994
2988
703
158
5179
3138
6790
5887
125
2749
4061
2700
1842
7139
6168
9665
7824
8807
5007
107
5902
342
5942
5924
488
1357
9643
7521
6780
4229
9087
4540
805
8772
6224
7296
5809
1784
5758
8545
1225
9019
1692
9049
1049
9856
6915
9577
9034
6082
6231
1218
4197
6026
91
2433
5263
3424
146
3911
1991
2990
6049
4241
2964
3786
2922
9388
258
3967
3463
4113
6281
28
1610
6800
3118
7727
4935
7639
6492
9827
5906
7889
5522
454
7844
997
9038
6553
9798
1915
7248
7088
57
236
9553
8450
9027
4078
7619
1657
5718
6368
2722
4167
1752
5017
2048
9930
2234
7936
8304
5459
5829
4538
8142
1157
1459
7188
9730
653
7757
3465
7206
2329
9502
4698
6825
9740
2770
5585
5286
4029
3601
6555
175
8673
3695
9484
4216
3266
7627
5925
8388
9277
8831
7226
8579
1028
8775
5317
8398
4238
9122
6991
6333
1867
7671
4089
5494
7246
1336
3649
505
6288
8185
3203
2892
6284
1129
4678
7952
5042
5612
2114
9099
2071
1111
7264
1240
3138
8798
1848
171
8645
7299
8043
6581
8541
6103
9578
7540
5368
2185
6410
3621
7982
989
9573
845
2925
1092
147
1665
3215
8978
6519
5764
2906
7747
5028
5843
4852
4219
8489
8552
3605
5437
2928
917
9600
6422
7861
6456
6414
2245
7566
4719
4949
6985
2086
9330
1302
4849
7228
9294
8993
3597
9976
5702
4986
6878
5261
6691
3512
6622
8830
8660
7470
6951
2901
9257
379
4781
7449
9120
8378
2705
3429
6478
8117
1317
2108
7322
3859
5989
1838
6937
637
4171
3142
86
9868
8363
2408
2361
8233
4695
1186
9808
7273
1772
5496
8610
9561
6068
6525
6616
3111
9514
5638
2880
5735
6503
9206
6614
3812
6888
9113
5433
4297
425
136
2141
6925
2560
469
5828
8019
8440
6073
9414
3906
2283
4822
73
8684
2570
5506
4406
6218
2638
6934
9130
1839
3420
4655
7700
7449
7097
7195
1279
8357
6836
5592
3792
7193
6307
6850
3311
1791
797
2918
4960
4643
2032
4746
7837
601
1950
3428
9246
5855
5282
5929
7890
6386
8080
8596
5738
663
3971
913
7959
2414
9095
3139
3479
4784
4894
5037
2333
5736
7629
6512
8579
6271
8513
1052
7847
1661
7283
4178
4311
1602
8679
6933
33
9674
7484
2137
4882
8539
8772
8238
6849
9443
3263
3083
4746
2763
3692
9218
5795
8168
9962
7106
8518
6552
2212
2058
3180
1161
3344
7508
3331
737
9587
3131
2439
3139
1503
4240
9221
1546
4372
3140
7432
1844
9732
5830
7895
4204
8428
3872
7560
8533
2926
7502
2773
66
9716
4202
6711
6879
7861
7372
2287
8318
7490
7080
7511
4765
8073
7067
1537
1877
8898
1965
3817
2319
6437
1224
1416
2538
5573
2381
9157
860
1392
2928
8117
8284
7936
7286
7344
6412
9813
9811
9469
5639
7229
1749
4265
2467
9289
3278
2562
3150
3657
9796
7716
1138
2809
6616
2627
5173
5024
4180
4034
5668
3748
6995
8400
3350
2967
4599
8150
1910
1320
2214
8363
5818
5193
6299
3597
4230
864
9726
983
6
1388
9119
7612
3204
641
9694
1145
9536
8396
3071
937
6831
6326
3791
533
6210
1743
4007
9050
3845
7354
747
6208
9004
7422
9534
4654
6192
4754
3040
7628
1408
8910
8475
5208
9042
3550
9926
801
1084
4933
5040
9869
4513
4145
7626
6904
76
4767
3355
6363
371
4039
413
5862
2357
2539
9514
7461
765
6726
2454
1790
4175
3347
7882
6409
2635
2919
1652
4782
9581
3225
7107
9919
4962
6491
7872
9568
1097
1175
6867
3863
6103
4951
6400
4652
2221
2068
5690
1749
619
4447
8756
3490
7717
5244
6495
8215
7971
6971
6259
4899
1097
852
1323
2845
1871
7536
2259
3190
1928
1225
8938
661
7201
2166
2756
1959
5140
6647
7232
360
1308
2936
5626
4805
3682
3685
393
6151
1507
6875
2499
1012
6289
913
1800
7158
9070
4755
3161
7603
7810
9165
1440
2405
3165
8613
9871
9272
9886
92
7716
9249
7216
4655
6865
5155
6819
2775
1920
6681
9268
9332
5787
4487
6563
3894
5461
8330
4576
7848
4273
8769
1628
4377
1523
4490
6042
7463
6368
7425
2984
8153
9878
4265
8412
8759
1073
9315
9683
2137
5188
9204
8467
7036
594
4432
7064
8313
5370
3245
2956
9818
9531
6116
575
1298
177
2292
9153
3461
5581
8847
4063
4381
7686
5247
8358
867
4374
5730
604
5742
2446
9374
1946
5228
894
9498
9956
7962
3348
2920
7417
1408
6328
5282
3634
589
8635
2821
3168
4784
6976
1569
173
6268
4376
8612
4923
6789
5011
81
9441
3002
5700
5934
1340
4702
9773
1912
2658
7220
3327
4229
4904
1727
1234
7347
9912
220
5074
2722
5285
1630
8954
6169
253
6875
1508
6348
5289
4701
5874
1119
9212
4202
5534
1850
4382
990
9429
2156
8076
2653
4424
9455
3504
9356
2835
7048
6834
9189
3367
8320
1019
5587
5629
7387
5230
2149
9204
4739
3984
2038
6589
6974
6958
3302
1989
3664
210
7787
3731
724
4678
1127
9995
6650
1681
8127
4927
6292
6312
8911
6926
4887
5475
6851
9017
7007
3442
1777
7351
8554
155
2609
9253
9744
4841
859
7145
8991
7389
8770
3788
5455
2549
3588
6069
4768
7554
4003
3343
7841
9369
3340
8478
3096
4958
5434
3554
1764
2001
3352
7297
6315
3971
9293
5580
3927
9470
4437
836
6706
1358
3173
4122
6866
4196
744
979
4502
3174
6812
7324
489
8478
579
382
3393
9028
6106
5450
1527
8617
4563
67
1684
2103
1766
6500
8273
8894
2380
6145
8850
5742
7374
3168
7484
7168
4090
6306
3972
3161
9002
7659
8071
9971
3224
7213
5930
6391
1136
865
6216
3002
2039
2691
8657
8312
9797
3008
1699
8053
9435
6991
9471
4978
3970
6751
4546
6434
339
5378
7186
1867
5811
918
5349
7650
8313
693
9555
2194
7040
9771
7784
3279
7246
4654
1984
6774
7792
4974
3702
5252
4459
6744
8659
3058
7796
582
5113
221
4432
2239
3601
4028
7730
2906
8500
4764
6612
9267
1811
1454
2312
7798
7904
2110
2392
3015
8850
7169
6272
478
4719
1130
3626
2646
8730
6467
9124
9600
8456
6579
2895
4909
2411
6478
4074
3622
1783
6938
5102
2688
8812
212
4711
7346
6259
6440
3424
8913
1016
2284
5417
2064
9889
7996
2847
4241
3425
1340
7252
9168
8213
4085
6599
1738
5015
2969
9322
164
5010
6383
8562
2799
6995
4839
3658
1851
5667
7771
3837
3244
1040
4505
2037
7159
45
7284
809
6517
5697
3954
1572
4507
3322
5444
4509
4395
8578
2966
5299
9506
6908
2084
4716
5401
4727
3250
3262
2526
4986
8911
6601
2691
6823
1647
255
7718
7464
6867
1894
6748
2601
8389
8812
7088
3377
3492
2896
9442
6466
9476
2152
9820
7078
9765
7036
8047
1615
7099
6912
2796
6431
2730
6777
639
6703
7739
9888
297
4245
6971
7400
4536
5089
8637
9771
8070
9254
9131
1613
7389
8840
8630
415
7583
9821
7220
4197
9087
2304
2652
9365
6134
182
9933
886
8410
5175
82
700
1657
6761
3042
8030
8
6447
6191
572
811
5197
3121
5023
5289
2453
6283
453
2026
8657
473
8022
8565
4536
7091
996
4781
1659
2028
2968
199
602
1563
2899
7207
6625
967
7090
2676
910
3986
5763
9661
2961
2463
8601
2378
1048
2045
439
4484
310
8332
2734
3314
6
3393
365
3804
1638
4350
2484
5764
6126
3144
3174
2055
459
7245
1562
9777
631
7404
857
4280
2569
4392
4333
4026
5025
248
5895
9939
5659
1755
1488
4735
8811
9419
6031
8678
5424
7450
7235
7312
5182
5545
3290
7346
840
2441
9630
9424
6565
101
4006
9437
896
2142
1003
5433
7904
1848
4396
110
2174
9106
8592
242
5013
7381
7778
7384
6286
9132
9495
7715
8813
8390
7020
7001
3099
3171
4157
7752
7166
368
791
5266
5940
547
473
1766
6970
1046
3021
1631
7397
1100
7724
9452
379
9623
401
5322
7962
1114
8075
3473
2254
2491
1047
3638
2032
6751
6670
843
8604
6993
1352
2253
4295
4322
776
9755
1756
2539
1694
2730
1157
8342
6291
9961
5238
3545
1599
467
7687
4300
3154
475
4548
8711
130
962
3372
4657
326
7442
9838
3672
8737
2394
3936
8998
758
1101
6294
3893
3226
2292
7867
8755
2649
1639
8295
5469
8209
1889
8680
923
8427
7447
5912
7960
2882
9407
8730
7431
9771
5669
3466
7444
739
8810
7786
389
3664
3440
1893
8748
5242
514
3226
5825
1581
6474
8014
9938
6668
8805
9134
6014
6516
3262
5928
9665
9393
6582
2937
9523
3908
4720
3718
8769
6085
2762
8586
7578
9161
3937
2211
5434
2616
6738
8678
5529
9121
4156
6821
6290
8285
4625
4266
6584
5949
7755
9968
6990
5096
763
5114
3902
5846
7906
2983
68
9177
5315
9932
5713
7950
3423
4889
4532
9117
6168
4519
6690
5415
1930
952
1699
3344
5125
5527
7004
8207
6319
5181
5339
8187
1806
4263
9380
6370
1101
4309
910
4072
2967
8857
2899
4592
1781
801
7404
2019
250
8397
3847
563
4936
2057
1030
3409
588
5308
7348
5083
8123
5331
1414
7380
1899
3563
4410
7543
8216
812
9542
6043
4471
3609
3485
8796
6630
561
9012
2671
2295
924
6086
6737
4530
8656
9223
4616
1926
5431
597
3781
3255
978
9558
9158
457
6166
8562
4177
2540
5777
4216
3160
572
2108
9081
1417
1980
6741
771
7958
4555
8840
6487
1583
1204
1839
422
4322
4348
5380
3941
6835
2965
8427
4769
6495
8160
1028
1102
24
5472
3388
5253
1156
9815
6206
2665
989
5498
4819
205
9945
3819
9673
9978
5007
5800
3812
1093
6422
7813
4057
8892
5326
3223
3913
3373
3179
6734
7539
8311
1352
697
8635
5137
9530
5960
7741
8372
9421
7693
7351
3077
7563
9230
5656
7860
8158
6074
5362
8824
616
9621
5012
5176
1311
7253
7010
5388
1476
8144
7575
1674
7568
3418
1342
3714
9869
8555
3019
9593
2721
3620
2458
5376
204
4513
866
9001
2520
5816
7380
3914
8226
676
1719
4928
4432
5598
6770
9226
3864
8677
3048
7080
888
3391
2563
3231
5976
1605
4376
3734
7763
7338
6592
14
7092
8337
8464
57
2288
8543
6978
9138
8207
1208
2984
9930
9900
7941
7845
8563
4545
7901
466
7235
4660
6880
7565
1274
6063
7285
8274
851
6566
7543
9276
2087
7995
9830
990
5142
1190
204
3973
837
8020
124
9131
3011
3057
143
8774
6232
1499
6710
9046
3419
8824
5596
2070
4154
9121
3522
4898
4376
2169
8403
845
904
5534
3800
4726
9721
4528
9613
6448
7969
2883
6066
3120
7272
2843
7499
4884
9940
1707
5907
9717
4167
3829
6173
5157
7062
2716
2065
2184
3869
7502
4864
1734
5252
6362
6240
3264
3458
6515
2348
9358
4172
1088
4974
9325
6866
9537
1119
4038
8243
370
4305
8612
9604
9688
3177
4740
3299
8197
3903
8121
4910
6193
5922
2201
4911
161
9621
6668
1704
9108
8532
7616
3265
2068
372
3759
8797
3365
6697
7710
4306
2750
8187
8197
2958
9898
6627
9834
9222
2552
6800
8523
5179
5954
309
6095
8834
4229
1397
7059
7186
5860
7517
7954
6860
9116
6682
7932
6298
9341
7214
2850
7911
5127
2190
3619
5812
1216
9560
8296
4275
8597
1986
8022
5469
9558
7880
4675
1978
5756
8550
8572
230
3657
8275
6156
9825
6079
6081
6149
2749
2693
6871
658
2798
7161
5565
6378
8313
7057
8495
9512
1250
4936
8193
8871
660
4941
2504
4943
6964
6636
34
2990
7731
4162
7726
9536
668
5838
1231
993
1917
1863
687
7318
7344
1241
3302
7052
3003
5321
9482
2802
3585
2479
184
6225
6199
6710
8530
6161
6879
8132
1984
8733
754
2592
7688
399
2392
7154
3696
8560
6359
4682
7817
4688
2541
4678
4489
1848
2897
3151
5900
563
4293
6673
4855
6857
1333
9084
5032
4835
1979
6952
4933
1829
4498
6848
2069
1964
1155
983
2916
1395
6879
463
2538
4833
9383
5180
3464
1378
4208
1318
8566
3443
9655
2465
4675
1887
9371
264
1046
7660
2427
8072
8299
9568
443
2483
7927
9997
7072
3539
553
3267
4416
2869
5213
9569
7078
9335
6676
3762
3860
6528
9564
8489
3382
4405
6042
47
9971
6406
8188
7222
7565
2753
2512
7645
7583
4606
3905
8085
4145
4243
256
3723
7382
9411
3913
7282
8129
8024
4723
1165
8204
8399
1523
8108
146
3151
4179
844
5934
8113
2536
6175
5719
6372
6126
9722
9515
6396
662
2699
4507
6604
8033
4968
6088
9530
104
1906
4654
6874
4690
1407
8653
3057
1186
9557
4445
3556
5200
5995
1343
7736
3120
8573
3936
968
2787
7800
4541
5741
5638
6268
7804
980
6548
9484
1887
2564
403
3213
9197
1028
8611
9315
8874
6113
5231
7065
226
7471
9200
6461
1477
5123
9419
7644
9542
2958
2824
1937
9994
3053
8925
5150
6418
7473
8005
1326
7908
9620
879
8931
6534
5378
1884
2922
4433
2957
8355
7211
5949
9705
7397
6846
1720
7396
4498
2210
974
1959
5479
9625
686
6213
4682
3695
9480
1263
5125
4166
8551
6053
9703
3105
155
4369
4974
8682
7352
821
5086
436
6305
5322
2093
5203
7625
6289
4649
5050
7848
8171
3090
8055
8959
6244
5381
8700
3829
4666
2741
4378
4962
3320
3635
4880
1613
5879
9777
3729
8932
2618
8336
1749
8282
8980
6971
7115
1640
6757
5479
952
3154
8971
2046
8091
6617
2883
6016
6701
1587
1872
3088
9725
6645
4290
2318
4302
1169
4878
1156
6003
1380
5772
8809
6451
5476
2129
6682
9504
3854
6549
4293
1313
3979
1157
5985
4422
4108
3666
9099
4145
4229
987
5495
6763
1764
942
1065
6954
2070
9761
3371
2199
6011
7217
2093
9768
6559
4194
1168
5145
7925
6827
6675
9960
996
682
5870
777
5950
6131
4284
3788
8759
4903
8890
8416
228
4049
2244
3026
6663
7159
5035
5120
904
7429
591
149
318
7154
2917
5255
5015
5115
779
4028
4043
2830
5436
7451
1544
2946
4055
4290
4352
4336
1929
9223
808
945
3164
6927
7931
5794
9048
1914
5600
9852
749
879
6661
3431
424
6708
5895
8511
1610
8145
9021
9264
5123
3933
2888
3701
8291
748
1958
601
6092
176
5381
9536
4635
4763
457
7126
1960
6960
2734
4811
2781
9913
5083
6185
9094
9428
9471
2760
5156
5830
5345
2592
249
7099
1292
4078
9985
1731
2169
5330
7639
2405
6628
7659
1076
2972
1376
4433
6464
9113
2255
4796
4750
8610
8361
2576
7291
5579
4554
5400
8701
6210
9330
1453
8847
2844
7844
1570
5979
2737
1321
4568
2494
7033
634
2236
611
3933
3195
8468
5170
2119
118
6233
8562
1326
2633
2669
8547
104
9963
3926
3577
6650
6296
8342
346
1371
1651
7989
4027
7151
8187
2001
3254
9356
7702
1653
6255
6380
7029
8241
4705
9647
7145
5387
6029
1326
8932
9526
7698
9713
6871
5246
9120
8885
4981
1637
3558
4669
8466
4219
2599
8769
2839
5572
6163
700
2340
7341
4349
2665
2107
9437
7339
7937
6314
1021
1325
6526
2935
4285
8166
6639
7518
5208
3328
2312
6745
277
1674
890
3830
3818
2659
8294
3488
799
6057
5073
8421
7256
6827
9164
6177
5037
3554
4812
9714
7473
6881
446
4022
7994
4187
6321
3142
8479
2937
2768
6392
2424
4920
5915
4073
6088
7400
293
264
4571
289
814
2565
3519
9517
9921
5356
2918
6774
640
6549
5561
1787
5148
6119
5359
1841
4095
194
4442
499
947
1058
4145
4731
7123
9264
1
7422
7740
7799
8536
3398
4545
2648
5351
6424
221
7676
7383
5011
4520
9806
9346
7695
2840
7038
535
3378
949
9010
6429
8293
6281
6411
1259
6729
6334
4353
5623
8172
5173
8672
5892
7310
1607
18
895
5035
8064
7595
9097
1247
9640
5685
6693
6523
7718
7121
1976
9167
4663
8117
575
8230
9249
9537
5530
128
7574
6924
3308
8113
7610
1977
2547
433
2566
2928
7205
9363
1347
1706
951
7280
8455
1365
5384
1517
3069
8746
9684
5306
9522
7621
9759
5394
6429
3030
6277
7689
1672
9905
3507
2403
9841
6207
8420
9198
8814
1511
4890
1541
9336
8249
5917
6837
6070
8957
9507
5823
1293
4567
7153
4085
1065
5144
2127
2593
8052
1847
4640
6131
3597
2362
8703
3581
1897
6951
2491
1759
9366
6052
2377
3356
24
5310
6693
4900
5743
505
449
2064
1250
2927
4553
8454
3867
7323
5614
4435
2462
5303
7911
8711
8556
5193
9135
5306
6368
9360
157
6438
1793
3683
6980
2192
886
2127
8105
9622
180
8329
9892
133
2240
6285
1794
6532
7378
5799
8106
7770
8572
7435
5475
1861
9287
1093
1796
5097
3546
9909
4469
9286
4671
9839
2703
634
7380
4487
1561
1123
2394
9787
7536
8071
9295
1895
2159
1351
5209
3378
3578
6469
4555
9458
8389
5915
6371
7942
40
7901
711
6622
4080
6159
9398
4861
73
7615
2052
4184
9900
5090
4718
6248
5033
6860
4357
1823
1039
7156
48
2773
792
9004
9731
216
7512
5190
838
7033
4225
7028
1533
8458
2271
8583
2160
7098
4249
6811
7120
1408
3715
2531
9293
2877
551
7462
4190
9276
5948
6707
1015
3493
3905
2368
1555
7911
3013
8440
257
5640
7158
692
6230
9098
1651
1233
955
668
669
8075
8219
5332
6670
4618
3197
560
9467
2626
5829
176
4774
8677
2488
8157
1978
9923
597
3947
3606
4394
3176
2691
1897
9413
5989
6129
2476
6516
4502
4970
4351
5769
7061
6683
4351
4344
5856
5381
5897
4079
8441
7222
2519
2814
8884
4237
7591
8051
4908
6972
2290
1256
8456
6665
1174
744
3664
3627
2871
7647
4418
7094
5443
2931
721
4899
3537
2473
6746
5225
9534
2558
6430
8341
550
1717
9065
9944
2957
8753
1731
7287
3942
49
2739
2805
6925
5554
4020
6241
1447
6492
1500
4474
3621
752
1727
1220
4448
9666
5700
7247
2018
9046
3418
9818
5569
9253
5406
7838
4620
1160
2625
4860
1527
6348
7196
6013
2304
5459
5575
1369
5348
4181
8037
1001
8042
3311
1101
6585
1224
657
1001
2121
5113
6302
9220
8842
9623
1738
64
5223
5362
1919
3325
2794
1904
839
9143
3654
9318
736
8578
3767
8659
3682
5414
2082
243
8288
667
3065
325
7164
2423
8358
4636
6707
2662
857
2133
7068
7506
4070
7769
1036
2738
2925
2794
6759
2951
4391
9381
9155
4181
916
3154
8355
9463
9008
1973
8105
9072
5201
7920
4928
8680
9397
4264
290
9061
5803
8433
421
9570
5485
5037
633
7841
8318
8157
9442
9741
8003
2455
5435
5177
3662
3748
1546
4279
2295
2542
4766
8459
8783
5816
390
6734
9154
3221
4303
6960
8194
6638
2928
8887
4567
7445
2789
8235
4379
5791
2053
8941
5290
7428
6405
477
3039
3714
3426
6941
832
2886
538
2443
662
1895
285
5934
7082
9663
9565
9041
9466
2547
4496
6999
7379
5569
5447
1398
9229
172
3437
7567
9418
5876
41
4814
9732
4184
587
169
3893
3496
9201
7431
7462
8372
9528
4290
3039
3916
9974
6564
6393
9908
1626
4433
1828
9837
9063
3145
739
7136
6656
5413
7001
2280
7834
5822
4365
9067
2905
3178
4976
6531
9422
2187
7762
3948
5782
9191
2434
9479
5068
9451
6655
5352
3255
6688
7922
1486
743
2918
6634
6511
2270
7978
3109
998
427
4445
5276
4619
6235
7169
9280
4899
9817
5989
8257
8922
1549
2154
2675
7151
3821
7298
9375
295
7612
5581
2755
1239
6955
1000
9373
4418
943
3894
5427
1577
3134
8886
8747
9783
600
6305
4987
6754
4811
6219
7372
957
8853
7199
1373
5594
6649
6647
9152
8277
4605
6578
6562
8678
8525
283
1446
8853
3105
3043
9628
4284
2804
9787
4499
6645
912
7254
7584
1598
7738
7734
157
6788
9544
6001
4980
2391
6181
2110
3686
8874
4336
7672
4450
1883
4651
545
2381
8377
4413
3371
1375
1103
3539
5931
5733
153
3969
3419
1626
4390
225
4031
3184
6907
8364
2253
8775
3257
820
5718
9427
2608
4936
7815
7556
7697
7402
2795
9184
9003
1499
2998
2875
2502
1163
4601
7311
1724
9433
1037
4970
1013
8794
7715
9119
7858
124
5406
5789
2667
391
2143
8001
7318
6621
8905
3516
803
2980
2319
1632
7682
7183
5913
5116
4123
8341
283
7333
4453
6292
4054
7524
9847
3789
4321
8094
7973
738
1445
3923
3435
5708
7786
2253
6016
4676
454
2390
8265
7013
2742
2455
9247
8849
8846
9317
6039
4932
6945
1516
1369
8884
7650
9251
4686
419
8713
5980
8605
3176
4571
6114
7573
4601
8512
8406
6581
1565
5457
7644
4780
7030
5314
84
7006
3354
7727
8394
472
6090
4126
4398
2825
966
674
6184
6877
3317
2168
1945
4112
8796
7044
1489
676
6962
7706
7425
8238
1698
5193
607
8372
4913
1971
2590
5465
7048
3316
6135
3204
7206
2278
5211
8095
6073
9136
9360
9174
4129
4959
9088
352
3309
728
8808
7103
5374
9147
3309
8148
7123
850
3563
4313
1316
5290
3528
7382
8925
5780
1793
8448
6162
4424
8272
3819
1587
8502
7511
8892
3645
950
1819
1795
4871
1403
1836
5049
8712
6185
8774
5067
1555
531
8468
6176
7637
3412
3920
8100
5114
1813
5453
9456
3281
8633
3948
9789
8063
1647
2181
8107
2134
3781
6974
6106
9833
1554
5206
932
6150
9094
2115
2391
7625
7237
9947
1028
5926
9012
9814
3068
469
4331
3428
3543
2485
2265
4338
4326
6002
6366
6797
3415
4880
6919
7458
6137
4907
2426
6259
4359
862
9660
5933
8454
3051
5015
2130
6773
1139
6904
3830
4068
2264
1952
649
8371
366
7407
5679
9181
380
1741
9271
3865
1322
2950
9338
8310
1433
1806
5067
2723
3149
1168
1353
7293
8402
1831
6096
2819
1959
9702
6950
493
6298
9989
370
6342
7435
8926
4265
5806
1426
5154
7321
8890
8060
2182
2149
5612
8424
2735
9916
2244
2214
7426
6945
7179
896
1921
2813
5499
8316
523
7094
1098
3378
903
8702
1813
1344
4840
997
2985
9417
6628
8262
4701
5244
8178
4381
2310
4003
7485
3813
2111
4768
354
5859
7547
2051
5411
5976
8084
627
3692
761
3773
4196
6214
6030
6925
9504
2318
4761
3004
2422
8185
9235
7986
4928
5810
9786
6681
3338
2203
7781
9795
1883
7889
9592
6505
1608
6716
2067
7036
7222
4806
8206
2551
4189
1915
4251
863
5541
6201
3430
5803
561
1742
1254
3313
3541
3922
8995
4112
1024
3345
8779
6172
471
8764
22
7846
9183
3038
3544
4937
3727
2817
1659
2262
1629
665
5042
434
3552
1616
2799
6332
3276
7069
6344
1736
4871
8603
6554
2380
9494
2501
5777
2464
7162
9535
9818
9901
2411
989
9183
5975
9447
8359
5477
3402
1005
988
2400
5242
7394
1844
6995
9871
6199
8998
4702
445
5943
5883
2414
2923
6894
1066
8116
684
7532
4671
1163
1079
1618
5281
8028
6577
788
3278
3827
6226
2214
7337
5078
9214
7994
1174
4845
3251
468
2378
493
8285
8670
6280
5262
4146
4885
9151
8401
8674
865
2834
1777
4173
3931
5233
5722
8897
5022
9885
9396
7116
4055
5641
4161
3827
4161
3222
5380
6825
4881
2047
6280
8791
1523
951
7796
353
9017
8630
3750
3818
7781
8920
2891
4142
9463
7108
7081
1060
7732
529
9271
3294
3069
3148
5343
8136
2599
3359
8132
206
2355
2897
3995
9998
1118
5170
4400
7062
6707
6308
5151
5657
7067
1653
7191
942
7303
278
294
4179
163
8899
6633
66
4467
5621
1278
3459
9115
1402
3016
1999
4352
6979
8947
2581
8517
1559
8687
3649
528
6922
3759
1636
808
9138
4135
6678
4692
5510
814
7434
994
6619
1979
9801
1300
4422
5941
1384
8237
4524
5383
2999
9928
3804
2469
8747
2938
6005
1300
5942
7477
6768
6388
6869
819
7462
9103
2420
9265
7597
9053
9197
9148
7486
7818
480
5144
4390
9246
74
7073
8351
2781
8309
9055
263
7432
8959
9353
3762
2253
9057
2097
1328
2673
1980
3850
991
3918
8178
5853
9997
9931
9832
1171
1545
9489
4542
3750
5474
471
6226
9472
2348
3614
8133
9713
2746
3900
236
677
623
8629
9212
2784
2548
3419
6192
525
4320
7025
7463
7974
2686
1276
2975
6235
3751
5748
9817
3822
3899
2622
2498
2875
9951
2862
898
5044
1536
1856
9385
4937
2017
4158
8757
3159
16
4284
677
3132
5207
9723
1276
2808
4283
3628
5384
186
3422
9310
6585
8014
9607
3891
2583
9614
2011
4391
1858
9973
4686
8533
3401
3346
9281
6469
355
1267
1211
3230
2798
7682
3916
6183
9761
4228
2204
3072
7078
1750
8905
8656
8474
2599
4760
79
5058
7985
3168
4106
8534
6795
4430
5741
8670
2447
903
5106
2933
1193
2490
9248
3468
8374
6106
937
4884
7041
5222
2981
9965
3495
6250
1278
5531
2328
5965
2371
2697
8816
7392
339
1382
478
3406
9179
7895
4355
2323
5530
7392
3039
4729
9368
8361
9516
3315
5049
7495
228
1683
3622
